# limousine
1.0 0.35714285714285715 0.14285714285714285 0.35714285714285715 0.5 0.14285714285714285 0.2857142857142857 0.35714285714285715 0.5 0.5
# fiddler_crab
0.35714285714285715 1.0 0.14285714285714285 0.5 0.35714285714285715 0.14285714285714285 0.2857142857142857 0.5 0.35714285714285715 0.35714285714285715
# baseball
0.14285714285714285 0.14285714285714285 1.0 0.14285714285714285 0.14285714285714285 0.21428571428571427 0.14285714285714285 0.14285714285714285 0.14285714285714285 0.14285714285714285
# dalmatian
0.35714285714285715 0.5 0.14285714285714285 1.0 0.4166666666666667 0.18181818181818182 0.36363636363636365 0.6363636363636364 0.45454545454545453 0.45454545454545453
# barber_chair
0.5 0.35714285714285715 0.14285714285714285 0.4166666666666667 1.0 0.16666666666666666 0.3333333333333333 0.4166666666666667 0.5833333333333334 0.5833333333333334
# church
0.14285714285714285 0.14285714285714285 0.21428571428571427 0.18181818181818182 0.16666666666666666 1.0 0.2222222222222222 0.25 0.2 0.18181818181818182
# lakeside
0.2857142857142857 0.2857142857142857 0.14285714285714285 0.36363636363636365 0.3333333333333333 0.2222222222222222 1.0 0.36363636363636365 0.4 0.36363636363636365
# mushroom
0.35714285714285715 0.5 0.14285714285714285 0.6363636363636364 0.4166666666666667 0.25 0.36363636363636365 1.0 0.45454545454545453 0.45454545454545453
# measuring_cup
0.5 0.35714285714285715 0.14285714285714285 0.45454545454545453 0.5833333333333334 0.2 0.4 0.45454545454545453 1.0 0.6363636363636364
# projectile
0.5 0.35714285714285715 0.14285714285714285 0.45454545454545453 0.5833333333333334 0.18181818181818182 0.36363636363636365 0.45454545454545453 0.6363636363636364 1.0
