# limousine
1.0 0.05263157894736842 0.04 0.0625 0.07692307692307693 0.05 0.07142857142857142 0.0625 0.09090909090909091 0.08333333333333333
# fiddler_crab
0.05263157894736842 1.0 0.04 0.08333333333333333 0.058823529411764705 0.05 0.07142857142857142 0.08333333333333333 0.06666666666666667 0.0625
# baseball
0.04 0.04 1.0 0.045454545454545456 0.043478260869565216 0.05555555555555555 0.05555555555555555 0.045454545454545456 0.047619047619047616 0.045454545454545456
# dalmatian
0.0625 0.08333333333333333 0.045454545454545456 1.0 0.07142857142857142 0.058823529411764705 0.09090909090909091 0.1111111111111111 0.08333333333333333 0.07692307692307693
# barber_chair
0.07692307692307693 0.058823529411764705 0.043478260869565216 0.07142857142857142 1.0 0.05555555555555555 0.08333333333333333 0.07142857142857142 0.1111111111111111 0.1
# church
0.05 0.05 0.05555555555555555 0.058823529411764705 0.05555555555555555 1.0 0.07692307692307693 0.14285714285714285 0.0625 0.058823529411764705
# lakeside
0.07142857142857142 0.07142857142857142 0.05555555555555555 0.09090909090909091 0.08333333333333333 0.07692307692307693 1.0 0.09090909090909091 0.1 0.09090909090909091
# mushroom
0.0625 0.08333333333333333 0.045454545454545456 0.1111111111111111 0.07142857142857142 0.14285714285714285 0.09090909090909091 1.0 0.08333333333333333 0.07692307692307693
# measuring_cup
0.09090909090909091 0.06666666666666667 0.047619047619047616 0.08333333333333333 0.1111111111111111 0.0625 0.1 0.08333333333333333 1.0 0.125
# projectile
0.08333333333333333 0.0625 0.045454545454545456 0.07692307692307693 0.1 0.058823529411764705 0.09090909090909091 0.07692307692307693 0.125 1.0
