# limousine
1.0 0.35714285714285715 0.14285714285714285 0.4 0.5384615384615384 0.17391304347826086 0.38095238095238093 0.4 0.5833333333333334 0.56
# fiddler_crab
0.35714285714285715 1.0 0.14285714285714285 0.56 0.38461538461538464 0.17391304347826086 0.38095238095238093 0.56 0.4166666666666667 0.4
# baseball
0.14285714285714285 0.14285714285714285 1.0 0.16 0.15384615384615385 0.2608695652173913 0.19047619047619047 0.16 0.16666666666666666 0.16
# dalmatian
0.4 0.56 0.16 1.0 0.43478260869565216 0.2 0.4444444444444444 0.6363636363636364 0.47619047619047616 0.45454545454545453
# barber_chair
0.5384615384615384 0.38461538461538464 0.15384615384615385 0.43478260869565216 1.0 0.19047619047619047 0.42105263157894735 0.43478260869565216 0.6363636363636364 0.6086956521739131
# church
0.17391304347826086 0.17391304347826086 0.2608695652173913 0.2 0.19047619047619047 1.0 0.25 0.25 0.21052631578947367 0.2
# lakeside
0.38095238095238093 0.38095238095238093 0.19047619047619047 0.4444444444444444 0.42105263157894735 0.25 1.0 0.4444444444444444 0.47058823529411764 0.4444444444444444
# mushroom
0.4 0.56 0.16 0.6363636363636364 0.43478260869565216 0.25 0.4444444444444444 1.0 0.47619047619047616 0.45454545454545453
# measuring_cup
0.5833333333333334 0.4166666666666667 0.16666666666666666 0.47619047619047616 0.6363636363636364 0.21052631578947367 0.47058823529411764 0.47619047619047616 1.0 0.6666666666666666
# projectile
0.56 0.4 0.16 0.45454545454545453 0.6086956521739131 0.2 0.4444444444444444 0.45454545454545453 0.6666666666666666 1.0
