# sax, saxophone
12.18858528   1.35046422   1.69916868   1.91073811   1.10079288   1.08989143   1.46280837   1.43241358   0.73813242   1.88949513   0.92929828

# limousine, limo
1.35046422  12.84860802   1.76835239   0.35913682   0.90886122    1.27561486   2.27651858   1.70247221   0.34901154   0.41572419   -0.02384232

# shovel
1.69916868   1.76835239  10.5735445    1.3508265    0.96997744    1.27439356   2.25868416   2.47592568   0.69239932   1.35583854    1.70635128

# baseball
1.91073811   0.35913682   1.3508265    8.81328964   0.77239263    1.36687136   0.263722     0.63108933   0.67887378   1.25444734    0.85888606

# meerkat, mierkat
1.10079288   0.90886122   0.96997744   0.77239263  14.49529076    0.962677     4.18625021   1.88765681   1.58365607   2.25135756    3.6357615 

# church, church building
1.08989143   1.27561486   1.27439356   1.36687136   0.962677    8.06436253   1.79781854   2.4003818    0.06871753   0.50414944    0.34877613

# yurt
1.46280837   2.27651858   2.25868416   0.263722     4.18625021    1.79781854  14.39631462   3.58395982   0.91142786   2.6672318    1.44697416

# obelisk
1.43241358   1.70247221   2.47592568   0.63108933   1.88765681    2.4003818    3.58395982  16.52294731   0.31390914   1.11280298    1.99415445

# bluetick (dog)
0.73813242   0.34901154   0.69239932   0.67887378   1.58365607    0.06871753   0.91142786   0.31390914   1.39645946   0.74494451    0.99052846

# mushroom
1.88949513   0.41572419   1.35583854   1.25444734   2.25135756    0.50414944   2.6672318    1.11280298   0.74494451   8.34198761    3.5071032 

# ant, emmet, pismire
0.92929828  -0.02384232   1.70635128   0.85888606   3.6357615    0.34877613   1.44697416   1.99415445   0.99052846   3.5071032    9.38997841
