# gong
1.0 0.0625 0.06666666666666667 0.07692307692307693 0.05 0.05 0.09090909090909091 0.14285714285714285 0.06666666666666667 0.07692307692307693 
# fiddler_crab
0.0625 1.0 0.05555555555555555 0.08333333333333333 0.058823529411764705 0.058823529411764705 0.07142857142857142 0.0625 0.125 0.0625 
# pufferfish
0.06666666666666667 0.05555555555555555 1.0 0.06666666666666667 0.045454545454545456 0.045454545454545456 0.09090909090909091 0.06666666666666667 0.058823529411764705 0.07692307692307693 
# dalmatian
0.07692307692307693 0.08333333333333333 0.06666666666666667 1.0 0.0625 0.0625 0.09090909090909091 0.07692307692307693 0.09090909090909091 0.07692307692307693 
# Saluki
0.05 0.058823529411764705 0.045454545454545456 0.0625 1.0 0.3333333333333333 0.05555555555555555 0.05 0.0625 0.05 
# bluetick
0.05 0.058823529411764705 0.045454545454545456 0.0625 0.3333333333333333 1.0 0.05555555555555555 0.05 0.0625 0.05 
# lakeside
0.09090909090909091 0.07142857142857142 0.09090909090909091 0.09090909090909091 0.05555555555555555 0.05555555555555555 1.0 0.09090909090909091 0.07692307692307693 0.14285714285714285 
# projectile
0.14285714285714285 0.0625 0.06666666666666667 0.07692307692307693 0.05 0.05 0.09090909090909091 1.0 0.06666666666666667 0.07692307692307693 
# ant
0.06666666666666667 0.125 0.058823529411764705 0.09090909090909091 0.0625 0.0625 0.07692307692307693 0.06666666666666667 1.0 0.06666666666666667 
# sandbar
0.07692307692307693 0.0625 0.07692307692307693 0.07692307692307693 0.05 0.05 0.14285714285714285 0.07692307692307693 0.06666666666666667 1.0 
