# gong
1.0 0.35714285714285715 0.2727272727272727 0.45454545454545453 0.2777777777777778 0.2777777777777778 0.36363636363636365 0.7272727272727273 0.38461538461538464 0.36363636363636365 
# fiddler_crab
0.35714285714285715 1.0 0.21428571428571427 0.5 0.4444444444444444 0.4444444444444444 0.2857142857142857 0.35714285714285715 0.7142857142857143 0.2857142857142857 
# pufferfish
0.2727272727272727 0.21428571428571427 1.0 0.2727272727272727 0.16666666666666666 0.16666666666666666 0.3333333333333333 0.2727272727272727 0.23076923076923078 0.3333333333333333 
# dalmatian
0.45454545454545453 0.5 0.2727272727272727 1.0 0.3888888888888889 0.3888888888888889 0.36363636363636365 0.45454545454545453 0.5384615384615384 0.36363636363636365 
# Saluki
0.2777777777777778 0.4444444444444444 0.16666666666666666 0.3888888888888889 1.0 0.9444444444444444 0.2222222222222222 0.2777777777777778 0.4444444444444444 0.2222222222222222 
# bluetick
0.2777777777777778 0.4444444444444444 0.16666666666666666 0.3888888888888889 0.9444444444444444 1.0 0.2222222222222222 0.2777777777777778 0.4444444444444444 0.2222222222222222 
# lakeside
0.36363636363636365 0.2857142857142857 0.3333333333333333 0.36363636363636365 0.2222222222222222 0.2222222222222222 1.0 0.36363636363636365 0.3076923076923077 0.7142857142857143 
# projectile
0.7272727272727273 0.35714285714285715 0.2727272727272727 0.45454545454545453 0.2777777777777778 0.2777777777777778 0.36363636363636365 1.0 0.38461538461538464 0.36363636363636365 
# ant
0.38461538461538464 0.7142857142857143 0.23076923076923078 0.5384615384615384 0.4444444444444444 0.4444444444444444 0.3076923076923077 0.38461538461538464 1.0 0.3076923076923077 
# sandbar
0.36363636363636365 0.2857142857142857 0.3333333333333333 0.36363636363636365 0.2222222222222222 0.2222222222222222 0.7142857142857143 0.36363636363636365 0.3076923076923077 1.0 
