   1.00000    0.28670    0.40688    0.53927    0.48872    0.58748    0.06363    0.29425    0.47055    0.01458
   0.28670    1.00000    0.85667    0.65931    0.62757    0.54921    0.37751    0.48141    0.64351    0.13557
   0.40688    0.85667    1.00000    0.72991    0.68152    0.67005    0.28423    0.50019    0.76730    0.09009
   0.53927    0.65931    0.72991    1.00000    0.80203    0.85633    0.17173    0.52993    0.82526    0.04822
   0.48872    0.62757    0.68152    0.80203    1.00000    0.84201    0.19799    0.45433    0.69542    0.05918
   0.58748    0.54921    0.67005    0.85633    0.84201    1.00000    0.11659    0.42352    0.74928    0.02950
   0.06363    0.37751    0.28423    0.17173    0.19799    0.11659    1.00000    0.36323    0.16994    0.65771
   0.29425    0.48141    0.50019    0.52993    0.45433    0.42352    0.36323    1.00000    0.54190    0.19078
   0.47055    0.64351    0.76730    0.82526    0.69542    0.74928    0.16994    0.54190    1.00000    0.05882
   0.01458    0.13557    0.09009    0.04822    0.05918    0.02950    0.65771    0.19078    0.05882    1.00000
