# gong
1.0 0.4 0.3 0.45454545454545453 0.3448275862068966 0.3448275862068966 0.4444444444444444 0.7272727272727273 0.4166666666666667 0.47058823529411764 
# fiddler_crab
0.4 1.0 0.2608695652173913 0.56 0.5 0.5 0.38095238095238093 0.4 0.7407407407407407 0.4 
# pufferfish
0.3 0.2608695652173913 1.0 0.3 0.2222222222222222 0.2222222222222222 0.375 0.3 0.2727272727272727 0.4 
# dalmatian
0.45454545454545453 0.56 0.3 1.0 0.4827586206896552 0.4827586206896552 0.4444444444444444 0.45454545454545453 0.5833333333333334 0.47058823529411764 
# Saluki
0.3448275862068966 0.5 0.2222222222222222 0.4827586206896552 1.0 0.9444444444444444 0.32 0.3448275862068966 0.5161290322580645 0.3333333333333333 
# bluetick
0.3448275862068966 0.5 0.2222222222222222 0.4827586206896552 0.9444444444444444 1.0 0.32 0.3448275862068966 0.5161290322580645 0.3333333333333333 
# lakeside
0.4444444444444444 0.38095238095238093 0.375 0.4444444444444444 0.32 0.32 1.0 0.4444444444444444 0.4 0.7692307692307693 
# projectile
0.7272727272727273 0.4 0.3 0.45454545454545453 0.3448275862068966 0.3448275862068966 0.4444444444444444 1.0 0.4166666666666667 0.47058823529411764 
# ant
0.4166666666666667 0.7407407407407407 0.2727272727272727 0.5833333333333334 0.5161290322580645 0.5161290322580645 0.4 0.4166666666666667 1.0 0.42105263157894735 
# sandbar
0.47058823529411764 0.4 0.4 0.47058823529411764 0.3333333333333333 0.3333333333333333 0.7692307692307693 0.47058823529411764 0.42105263157894735 1.0 
