    1.0000    0.0333    0.1570    0.0849    0.2458    0.0428    0.2139    0.1457    0.0269    0.0447
    0.1649    1.0000    0.0730    0.2379    0.0754    0.0082    0.1612    0.0630    0.2266    0.1057
    0.1296    0.0977    1.0000    0.2301    0.1753    0.1403    0.0941    0.0726    0.2199    0.0236
    0.2432    0.2078    0.0039    1.0000    0.1666    0.2205    0.0477    0.1543    0.2044    0.1496
    0.1622    0.2008    0.2460    0.1845    1.0000    0.1673    0.1071    0.0663    0.0652    0.1177
    0.2001    0.0151    0.0418    0.0673    0.1745    1.0000    0.1205    0.2061    0.1486    0.1740
    0.1134    0.0998    0.0266    0.1057    0.1666    0.0922    1.0000    0.2457    0.0056    0.1750
    0.1081    0.1317    0.0931    0.1370    0.0445    0.1152    0.1474    1.0000    0.1063    0.1596
    0.2063    0.1042    0.0495    0.2357    0.0320    0.2454    0.0565    0.0860    1.0000    0.0084
    0.0209    0.1642    0.1224    0.1044    0.2498    0.0391    0.0962    0.1460    0.0404    1.0000
