# saxophone
1.0 0.5 0.5 0.14285714285714285 0.3333333333333333 0.14285714285714285 0.42857142857142855 0.42857142857142855 0.2777777777777778 0.35714285714285715 
# limousine
0.5 1.0 0.5 0.14285714285714285 0.3333333333333333 0.14285714285714285 0.42857142857142855 0.42857142857142855 0.2777777777777778 0.35714285714285715 
# shovel
0.5 0.5 1.0 0.14285714285714285 0.3333333333333333 0.25 0.5454545454545454 0.5454545454545454 0.2777777777777778 0.45454545454545453 
# baseball
0.14285714285714285 0.14285714285714285 0.14285714285714285 1.0 0.13333333333333333 0.21428571428571427 0.14285714285714285 0.14285714285714285 0.1111111111111111 0.14285714285714285 
# meerkat
0.3333333333333333 0.3333333333333333 0.3333333333333333 0.13333333333333333 1.0 0.13333333333333333 0.3333333333333333 0.3333333333333333 0.7222222222222222 0.4666666666666667 
# church
0.14285714285714285 0.14285714285714285 0.25 0.21428571428571427 0.13333333333333333 1.0 0.2 0.2222222222222222 0.1111111111111111 0.25 
# yurt
0.42857142857142855 0.42857142857142855 0.5454545454545454 0.14285714285714285 0.3333333333333333 0.2 1.0 0.7 0.2777777777777778 0.45454545454545453 
# obelisk
0.42857142857142855 0.42857142857142855 0.5454545454545454 0.14285714285714285 0.3333333333333333 0.2222222222222222 0.7 1.0 0.2777777777777778 0.45454545454545453 
# bluetick
0.2777777777777778 0.2777777777777778 0.2777777777777778 0.1111111111111111 0.7222222222222222 0.1111111111111111 0.2777777777777778 0.2777777777777778 1.0 0.3888888888888889 
# mushroom
0.35714285714285715 0.35714285714285715 0.45454545454545453 0.14285714285714285 0.4666666666666667 0.25 0.45454545454545453 0.45454545454545453 0.3888888888888889 1.0 
