    1.0000    0.4427    0.8001    0.1450    0.2400    0.1112    0.0598    0.4509    0.0811    0.7948
    0.4505    1.0000    0.4314    0.8530    0.4173    0.7803    0.2348    0.5470    0.9294    0.6443
    0.0838    0.9619    1.0000    0.6221    0.0497    0.3897    0.3532    0.2963    0.7757    0.3786
    0.2290    0.0046    0.1818    1.0000    0.9027    0.2417    0.8212    0.7447    0.4868    0.8116
    0.9133    0.7749    0.2638    0.5132    1.0000    0.4039    0.0154    0.1890    0.4359    0.5328
    0.1524    0.8173    0.1455    0.4018    0.4909    1.0000    0.0430    0.6868    0.4468    0.3507
    0.8258    0.8687    0.1361    0.0760    0.4893    0.1320    1.0000    0.1835    0.3063    0.9390
    0.5383    0.0844    0.8693    0.2399    0.3377    0.9421    0.6491    1.0000    0.5085    0.8759
    0.9961    0.3998    0.5797    0.1233    0.9001    0.9561    0.7317    0.6256    1.0000    0.5502
    0.0782    0.2599    0.5499    0.1839    0.3692    0.5752    0.6477    0.7802    0.8176    1.0000
