# saxophone
1.0 0.5 0.56 0.14285714285714285 0.3448275862068966 0.17391304347826086 0.5 0.5217391304347826 0.3125 0.4 
# limousine
0.5 1.0 0.56 0.14285714285714285 0.3448275862068966 0.17391304347826086 0.5 0.5217391304347826 0.3125 0.4 
# shovel
0.56 0.56 1.0 0.16 0.38461538461538464 0.25 0.5714285714285714 0.6 0.3448275862068966 0.45454545454545453 
# baseball
0.14285714285714285 0.14285714285714285 0.16 1.0 0.13793103448275862 0.2608695652173913 0.16666666666666666 0.17391304347826086 0.125 0.16 
# meerkat
0.3448275862068966 0.3448275862068966 0.38461538461538464 0.13793103448275862 1.0 0.16666666666666666 0.4 0.4166666666666667 0.7878787878787878 0.5384615384615384 
# church
0.17391304347826086 0.17391304347826086 0.25 0.2608695652173913 0.16666666666666666 1.0 0.21052631578947367 0.2222222222222222 0.14814814814814814 0.25 
# yurt
0.5 0.5 0.5714285714285714 0.16666666666666666 0.4 0.21052631578947367 1.0 0.7368421052631579 0.35714285714285715 0.47619047619047616 
# obelisk
0.5217391304347826 0.5217391304347826 0.6 0.17391304347826086 0.4166666666666667 0.2222222222222222 0.7368421052631579 1.0 0.37037037037037035 0.5 
# bluetick
0.3125 0.3125 0.3448275862068966 0.125 0.7878787878787878 0.14814814814814814 0.35714285714285715 0.37037037037037035 1.0 0.4827586206896552 
# mushroom
0.4 0.4 0.45454545454545453 0.16 0.5384615384615384 0.25 0.47619047619047616 0.5 0.4827586206896552 1.0 
