# saxophone
1.0 0.06666666666666667 0.08333333333333333 0.04 0.05 0.05 0.07692307692307693 0.08333333333333333 0.043478260869565216 0.0625 
# limousine
0.06666666666666667 1.0 0.08333333333333333 0.04 0.05 0.05 0.07692307692307693 0.08333333333333333 0.043478260869565216 0.0625 
# shovel
0.08333333333333333 0.08333333333333333 1.0 0.045454545454545456 0.058823529411764705 0.14285714285714285 0.1 0.1111111111111111 0.05 0.14285714285714285 
# baseball
0.04 0.04 0.045454545454545456 1.0 0.038461538461538464 0.05555555555555555 0.047619047619047616 0.05 0.034482758620689655 0.045454545454545456 
# meerkat
0.05 0.05 0.058823529411764705 0.038461538461538464 1.0 0.047619047619047616 0.0625 0.06666666666666667 0.125 0.07692307692307693 
# church
0.05 0.05 0.14285714285714285 0.05555555555555555 0.047619047619047616 1.0 0.0625 0.06666666666666667 0.041666666666666664 0.14285714285714285 
# yurt
0.07692307692307693 0.07692307692307693 0.1 0.047619047619047616 0.0625 0.0625 1.0 0.16666666666666666 0.05263157894736842 0.08333333333333333 
# obelisk
0.08333333333333333 0.08333333333333333 0.1111111111111111 0.05 0.06666666666666667 0.06666666666666667 0.16666666666666666 1.0 0.05555555555555555 0.09090909090909091 
# bluetick
0.043478260869565216 0.043478260869565216 0.05 0.034482758620689655 0.125 0.041666666666666664 0.05263157894736842 0.05555555555555555 1.0 0.0625 
# mushroom
0.0625 0.0625 0.14285714285714285 0.045454545454545456 0.07692307692307693 0.14285714285714285 0.08333333333333333 0.09090909090909091 0.0625 1.0 
