# saxophone
1.0 0.5 0.6428571428571429 0.5 0.35714285714285715 0.21428571428571427 0.29411764705882354 0.14285714285714285 0.3333333333333333 0.21428571428571427 0.35714285714285715 0.2777777777777778 0.5 0.14285714285714285 0.42857142857142855 0.42857142857142855 0.2777777777777778 0.2857142857142857 0.35714285714285715 0.5 0.5714285714285714 0.2631578947368421 0.35714285714285715 0.3125 0.2857142857142857 
# limousine
0.5 1.0 0.5 0.5 0.35714285714285715 0.21428571428571427 0.29411764705882354 0.14285714285714285 0.3333333333333333 0.21428571428571427 0.35714285714285715 0.2777777777777778 0.5 0.14285714285714285 0.42857142857142855 0.42857142857142855 0.2777777777777778 0.2857142857142857 0.35714285714285715 0.5 0.5 0.2631578947368421 0.35714285714285715 0.3125 0.2857142857142857 
# gong
0.6428571428571429 0.5 1.0 0.6363636363636364 0.35714285714285715 0.2727272727272727 0.29411764705882354 0.14285714285714285 0.3333333333333333 0.2727272727272727 0.45454545454545453 0.2777777777777778 0.5833333333333334 0.25 0.5454545454545454 0.5454545454545454 0.2777777777777778 0.36363636363636365 0.45454545454545453 0.6363636363636364 0.7272727272727273 0.2631578947368421 0.38461538461538464 0.3125 0.36363636363636365 
# shovel
0.5 0.5 0.6363636363636364 1.0 0.35714285714285715 0.2727272727272727 0.29411764705882354 0.14285714285714285 0.3333333333333333 0.2727272727272727 0.45454545454545453 0.2777777777777778 0.5833333333333334 0.25 0.5454545454545454 0.5454545454545454 0.2777777777777778 0.36363636363636365 0.45454545454545453 0.6363636363636364 0.6363636363636364 0.2631578947368421 0.38461538461538464 0.3125 0.36363636363636365 
# fiddler_crab
0.35714285714285715 0.35714285714285715 0.35714285714285715 0.35714285714285715 1.0 0.21428571428571427 0.47058823529411764 0.14285714285714285 0.5333333333333333 0.21428571428571427 0.5 0.4444444444444444 0.35714285714285715 0.14285714285714285 0.35714285714285715 0.35714285714285715 0.4444444444444444 0.2857142857142857 0.5 0.35714285714285715 0.35714285714285715 0.42105263157894735 0.7142857142857143 0.5 0.2857142857142857 
# bearskin
0.21428571428571427 0.21428571428571427 0.2727272727272727 0.2727272727272727 0.21428571428571427 1.0 0.17647058823529413 0.14285714285714285 0.2 0.4 0.2727272727272727 0.16666666666666666 0.25 0.2 0.3 0.3 0.16666666666666666 0.3 0.2727272727272727 0.3 0.2727272727272727 0.15789473684210525 0.23076923076923078 0.1875 0.3 
# sea_lion
0.29411764705882354 0.29411764705882354 0.29411764705882354 0.29411764705882354 0.47058823529411764 0.17647058823529413 1.0 0.11764705882352941 0.7058823529411765 0.17647058823529413 0.4117647058823529 0.6666666666666666 0.29411764705882354 0.11764705882352941 0.29411764705882354 0.29411764705882354 0.6666666666666666 0.23529411764705882 0.4117647058823529 0.29411764705882354 0.29411764705882354 0.631578947368421 0.47058823529411764 0.7058823529411765 0.23529411764705882 
# baseball
0.14285714285714285 0.14285714285714285 0.14285714285714285 0.14285714285714285 0.14285714285714285 0.14285714285714285 0.11764705882352941 1.0 0.13333333333333333 0.14285714285714285 0.14285714285714285 0.1111111111111111 0.14285714285714285 0.21428571428571427 0.14285714285714285 0.14285714285714285 0.1111111111111111 0.14285714285714285 0.14285714285714285 0.14285714285714285 0.14285714285714285 0.10526315789473684 0.14285714285714285 0.125 0.07142857142857142 
# meerkat
0.3333333333333333 0.3333333333333333 0.3333333333333333 0.3333333333333333 0.5333333333333333 0.2 0.7058823529411765 0.13333333333333333 1.0 0.2 0.4666666666666667 0.7222222222222222 0.3333333333333333 0.13333333333333333 0.3333333333333333 0.3333333333333333 0.7222222222222222 0.26666666666666666 0.4666666666666667 0.3333333333333333 0.3333333333333333 0.6842105263157895 0.5333333333333333 0.8125 0.26666666666666666 
# pufferfish
0.21428571428571427 0.21428571428571427 0.2727272727272727 0.2727272727272727 0.21428571428571427 0.4 0.17647058823529413 0.14285714285714285 0.2 1.0 0.2727272727272727 0.16666666666666666 0.25 0.2222222222222222 0.3 0.3333333333333333 0.16666666666666666 0.3333333333333333 0.2727272727272727 0.3 0.2727272727272727 0.15789473684210525 0.23076923076923078 0.1875 0.3333333333333333 
# dalmatian
0.35714285714285715 0.35714285714285715 0.45454545454545453 0.45454545454545453 0.5 0.2727272727272727 0.4117647058823529 0.14285714285714285 0.4666666666666667 0.2727272727272727 1.0 0.3888888888888889 0.4166666666666667 0.18181818181818182 0.45454545454545453 0.45454545454545453 0.3888888888888889 0.36363636363636365 0.6363636363636364 0.45454545454545453 0.45454545454545453 0.3684210526315789 0.5384615384615384 0.4375 0.36363636363636365 
# Saluki
0.2777777777777778 0.2777777777777778 0.2777777777777778 0.2777777777777778 0.4444444444444444 0.16666666666666666 0.6666666666666666 0.1111111111111111 0.7222222222222222 0.16666666666666666 0.3888888888888889 1.0 0.2777777777777778 0.1111111111111111 0.2777777777777778 0.2777777777777778 0.9444444444444444 0.2222222222222222 0.3888888888888889 0.2777777777777778 0.2777777777777778 0.8421052631578947 0.4444444444444444 0.7222222222222222 0.2222222222222222 
# barber_chair
0.5 0.5 0.5833333333333334 0.5833333333333334 0.35714285714285715 0.25 0.29411764705882354 0.14285714285714285 0.3333333333333333 0.25 0.4166666666666667 0.2777777777777778 1.0 0.16666666666666666 0.5 0.5 0.2777777777777778 0.3333333333333333 0.4166666666666667 0.5833333333333334 0.5833333333333334 0.2631578947368421 0.38461538461538464 0.3125 0.3333333333333333 
# church
0.14285714285714285 0.14285714285714285 0.25 0.25 0.14285714285714285 0.2 0.11764705882352941 0.21428571428571427 0.13333333333333333 0.2222222222222222 0.18181818181818182 0.1111111111111111 0.16666666666666666 1.0 0.2 0.2222222222222222 0.1111111111111111 0.2222222222222222 0.25 0.2 0.18181818181818182 0.10526315789473684 0.15384615384615385 0.125 0.1111111111111111 
# yurt
0.42857142857142855 0.42857142857142855 0.5454545454545454 0.5454545454545454 0.35714285714285715 0.3 0.29411764705882354 0.14285714285714285 0.3333333333333333 0.3 0.45454545454545453 0.2777777777777778 0.5 0.2 1.0 0.7 0.2777777777777778 0.4 0.45454545454545453 0.6 0.5454545454545454 0.2631578947368421 0.38461538461538464 0.3125 0.4 
# obelisk
0.42857142857142855 0.42857142857142855 0.5454545454545454 0.5454545454545454 0.35714285714285715 0.3 0.29411764705882354 0.14285714285714285 0.3333333333333333 0.3333333333333333 0.45454545454545453 0.2777777777777778 0.5 0.2222222222222222 0.7 1.0 0.2777777777777778 0.4444444444444444 0.45454545454545453 0.6 0.5454545454545454 0.2631578947368421 0.38461538461538464 0.3125 0.4444444444444444 
# bluetick
0.2777777777777778 0.2777777777777778 0.2777777777777778 0.2777777777777778 0.4444444444444444 0.16666666666666666 0.6666666666666666 0.1111111111111111 0.7222222222222222 0.16666666666666666 0.3888888888888889 0.9444444444444444 0.2777777777777778 0.1111111111111111 0.2777777777777778 0.2777777777777778 1.0 0.2222222222222222 0.3888888888888889 0.2777777777777778 0.2777777777777778 0.8421052631578947 0.4444444444444444 0.7222222222222222 0.2222222222222222 
# lakeside
0.2857142857142857 0.2857142857142857 0.36363636363636365 0.36363636363636365 0.2857142857142857 0.3 0.23529411764705882 0.14285714285714285 0.26666666666666666 0.3333333333333333 0.36363636363636365 0.2222222222222222 0.3333333333333333 0.2222222222222222 0.4 0.4444444444444444 0.2222222222222222 1.0 0.36363636363636365 0.4 0.36363636363636365 0.21052631578947367 0.3076923076923077 0.25 0.7142857142857143 
# mushroom
0.35714285714285715 0.35714285714285715 0.45454545454545453 0.45454545454545453 0.5 0.2727272727272727 0.4117647058823529 0.14285714285714285 0.4666666666666667 0.2727272727272727 0.6363636363636364 0.3888888888888889 0.4166666666666667 0.25 0.45454545454545453 0.45454545454545453 0.3888888888888889 0.36363636363636365 1.0 0.45454545454545453 0.45454545454545453 0.3684210526315789 0.5384615384615384 0.4375 0.36363636363636365 
# measuring_cup
0.5 0.5 0.6363636363636364 0.6363636363636364 0.35714285714285715 0.3 0.29411764705882354 0.14285714285714285 0.3333333333333333 0.3 0.45454545454545453 0.2777777777777778 0.5833333333333334 0.2 0.6 0.6 0.2777777777777778 0.4 0.45454545454545453 1.0 0.6363636363636364 0.2631578947368421 0.38461538461538464 0.3125 0.4 
# projectile
0.5714285714285714 0.5 0.7272727272727273 0.6363636363636364 0.35714285714285715 0.2727272727272727 0.29411764705882354 0.14285714285714285 0.3333333333333333 0.2727272727272727 0.45454545454545453 0.2777777777777778 0.5833333333333334 0.18181818181818182 0.5454545454545454 0.5454545454545454 0.2777777777777778 0.36363636363636365 0.45454545454545453 0.6363636363636364 1.0 0.2631578947368421 0.38461538461538464 0.3125 0.36363636363636365 
# Brittany_spaniel
0.2631578947368421 0.2631578947368421 0.2631578947368421 0.2631578947368421 0.42105263157894735 0.15789473684210525 0.631578947368421 0.10526315789473684 0.6842105263157895 0.15789473684210525 0.3684210526315789 0.8421052631578947 0.2631578947368421 0.10526315789473684 0.2631578947368421 0.2631578947368421 0.8421052631578947 0.21052631578947367 0.3684210526315789 0.2631578947368421 0.2631578947368421 1.0 0.42105263157894735 0.6842105263157895 0.21052631578947367 
# ant
0.35714285714285715 0.35714285714285715 0.38461538461538464 0.38461538461538464 0.7142857142857143 0.23076923076923078 0.47058823529411764 0.14285714285714285 0.5333333333333333 0.23076923076923078 0.5384615384615384 0.4444444444444444 0.38461538461538464 0.15384615384615385 0.38461538461538464 0.38461538461538464 0.4444444444444444 0.3076923076923077 0.5384615384615384 0.38461538461538464 0.38461538461538464 0.42105263157894735 1.0 0.5 0.3076923076923077 
# snow_leopard
0.3125 0.3125 0.3125 0.3125 0.5 0.1875 0.7058823529411765 0.125 0.8125 0.1875 0.4375 0.7222222222222222 0.3125 0.125 0.3125 0.3125 0.7222222222222222 0.25 0.4375 0.3125 0.3125 0.6842105263157895 0.5 1.0 0.25 
# sandbar
0.2857142857142857 0.2857142857142857 0.36363636363636365 0.36363636363636365 0.2857142857142857 0.3 0.23529411764705882 0.07142857142857142 0.26666666666666666 0.3333333333333333 0.36363636363636365 0.2222222222222222 0.3333333333333333 0.1111111111111111 0.4 0.4444444444444444 0.2222222222222222 0.7142857142857143 0.36363636363636365 0.4 0.36363636363636365 0.21052631578947367 0.3076923076923077 0.25 1.0 
