# saxophone
1.0 0.5 0.72 0.56 0.35714285714285715 0.25 0.3225806451612903 0.14285714285714285 0.3448275862068966 0.2608695652173913 0.4 0.3125 0.5384615384615384 0.17391304347826086 0.5 0.5217391304347826 0.3125 0.38095238095238093 0.4 0.5833333333333334 0.64 0.30303030303030304 0.37037037037037035 0.3333333333333333 0.4 
# limousine
0.5 1.0 0.56 0.56 0.35714285714285715 0.25 0.3225806451612903 0.14285714285714285 0.3448275862068966 0.2608695652173913 0.4 0.3125 0.5384615384615384 0.17391304347826086 0.5 0.5217391304347826 0.3125 0.38095238095238093 0.4 0.5833333333333334 0.56 0.30303030303030304 0.37037037037037035 0.3333333333333333 0.4 
# gong
0.72 0.56 1.0 0.6363636363636364 0.4 0.2857142857142857 0.35714285714285715 0.16 0.38461538461538464 0.3 0.45454545454545453 0.3448275862068966 0.6086956521739131 0.2857142857142857 0.5714285714285714 0.6 0.3448275862068966 0.4444444444444444 0.45454545454545453 0.6666666666666666 0.7272727272727273 0.3333333333333333 0.4166666666666667 0.37037037037037035 0.47058823529411764 
# shovel
0.56 0.56 0.6363636363636364 1.0 0.4 0.2857142857142857 0.35714285714285715 0.16 0.38461538461538464 0.3 0.45454545454545453 0.3448275862068966 0.6086956521739131 0.25 0.5714285714285714 0.6 0.3448275862068966 0.4444444444444444 0.45454545454545453 0.6666666666666666 0.6363636363636364 0.3333333333333333 0.4166666666666667 0.37037037037037035 0.47058823529411764 
# fiddler_crab
0.35714285714285715 0.35714285714285715 0.4 0.4 1.0 0.25 0.5161290322580645 0.14285714285714285 0.5517241379310345 0.2608695652173913 0.56 0.5 0.38461538461538464 0.17391304347826086 0.4166666666666667 0.43478260869565216 0.5 0.38095238095238093 0.56 0.4166666666666667 0.4 0.48484848484848486 0.7407407407407407 0.5333333333333333 0.4 
# bearskin
0.25 0.25 0.2857142857142857 0.2857142857142857 0.25 1.0 0.2222222222222222 0.16666666666666666 0.24 0.42105263157894735 0.2857142857142857 0.21428571428571427 0.2727272727272727 0.21052631578947367 0.3 0.3157894736842105 0.21428571428571427 0.35294117647058826 0.2857142857142857 0.3 0.2857142857142857 0.20689655172413793 0.2608695652173913 0.23076923076923078 0.375 
# sea_lion
0.3225806451612903 0.3225806451612903 0.35714285714285715 0.35714285714285715 0.5161290322580645 0.2222222222222222 1.0 0.12903225806451613 0.75 0.23076923076923078 0.5 0.6857142857142857 0.3448275862068966 0.15384615384615385 0.37037037037037035 0.38461538461538464 0.6857142857142857 0.3333333333333333 0.5 0.37037037037037035 0.35714285714285715 0.6666666666666666 0.5333333333333333 0.7272727272727273 0.34782608695652173 
# baseball
0.14285714285714285 0.14285714285714285 0.16 0.16 0.14285714285714285 0.16666666666666666 0.12903225806451613 1.0 0.13793103448275862 0.17391304347826086 0.16 0.125 0.15384615384615385 0.2608695652173913 0.16666666666666666 0.17391304347826086 0.125 0.19047619047619047 0.16 0.16666666666666666 0.16 0.12121212121212122 0.14814814814814814 0.13333333333333333 0.1 
# meerkat
0.3448275862068966 0.3448275862068966 0.38461538461538464 0.38461538461538464 0.5517241379310345 0.24 0.75 0.13793103448275862 1.0 0.25 0.5384615384615384 0.7878787878787878 0.37037037037037035 0.16666666666666666 0.4 0.4166666666666667 0.7878787878787878 0.36363636363636365 0.5384615384615384 0.4 0.38461538461538464 0.7647058823529411 0.5714285714285714 0.8387096774193549 0.38095238095238093 
# pufferfish
0.2608695652173913 0.2608695652173913 0.3 0.3 0.2608695652173913 0.42105263157894735 0.23076923076923078 0.17391304347826086 0.25 1.0 0.3 0.2222222222222222 0.2857142857142857 0.2222222222222222 0.3157894736842105 0.3333333333333333 0.2222222222222222 0.375 0.3 0.3157894736842105 0.3 0.21428571428571427 0.2727272727272727 0.24 0.4 
# dalmatian
0.4 0.4 0.45454545454545453 0.45454545454545453 0.56 0.2857142857142857 0.5 0.16 0.5384615384615384 0.3 1.0 0.4827586206896552 0.43478260869565216 0.2 0.47619047619047616 0.5 0.4827586206896552 0.4444444444444444 0.6363636363636364 0.47619047619047616 0.45454545454545453 0.4666666666666667 0.5833333333333334 0.5185185185185185 0.47058823529411764 
# Saluki
0.3125 0.3125 0.3448275862068966 0.3448275862068966 0.5 0.21428571428571427 0.6857142857142857 0.125 0.7878787878787878 0.2222222222222222 0.4827586206896552 1.0 0.3333333333333333 0.14814814814814814 0.35714285714285715 0.37037037037037035 0.9444444444444444 0.32 0.4827586206896552 0.35714285714285715 0.3448275862068966 0.8648648648648649 0.5161290322580645 0.7647058823529411 0.3333333333333333 
# barber_chair
0.5384615384615384 0.5384615384615384 0.6086956521739131 0.6086956521739131 0.38461538461538464 0.2727272727272727 0.3448275862068966 0.15384615384615385 0.37037037037037035 0.2857142857142857 0.43478260869565216 0.3333333333333333 1.0 0.19047619047619047 0.5454545454545454 0.5714285714285714 0.3333333333333333 0.42105263157894735 0.43478260869565216 0.6363636363636364 0.6086956521739131 0.3225806451612903 0.4 0.35714285714285715 0.4444444444444444 
# church
0.17391304347826086 0.17391304347826086 0.2857142857142857 0.25 0.17391304347826086 0.21052631578947367 0.15384615384615385 0.2608695652173913 0.16666666666666666 0.2222222222222222 0.2 0.14814814814814814 0.19047619047619047 1.0 0.21052631578947367 0.2222222222222222 0.14814814814814814 0.25 0.25 0.21052631578947367 0.2 0.14285714285714285 0.18181818181818182 0.16 0.13333333333333333 
# yurt
0.5 0.5 0.5714285714285714 0.5714285714285714 0.4166666666666667 0.3 0.37037037037037035 0.16666666666666666 0.4 0.3157894736842105 0.47619047619047616 0.35714285714285715 0.5454545454545454 0.21052631578947367 1.0 0.7368421052631579 0.35714285714285715 0.47058823529411764 0.47619047619047616 0.6 0.5714285714285714 0.3448275862068966 0.43478260869565216 0.38461538461538464 0.5 
# obelisk
0.5217391304347826 0.5217391304347826 0.6 0.6 0.43478260869565216 0.3157894736842105 0.38461538461538464 0.17391304347826086 0.4166666666666667 0.3333333333333333 0.5 0.37037037037037035 0.5714285714285714 0.2222222222222222 0.7368421052631579 1.0 0.37037037037037035 0.5 0.5 0.631578947368421 0.6 0.35714285714285715 0.45454545454545453 0.4 0.5333333333333333 
# bluetick
0.3125 0.3125 0.3448275862068966 0.3448275862068966 0.5 0.21428571428571427 0.6857142857142857 0.125 0.7878787878787878 0.2222222222222222 0.4827586206896552 0.9444444444444444 0.3333333333333333 0.14814814814814814 0.35714285714285715 0.37037037037037035 1.0 0.32 0.4827586206896552 0.35714285714285715 0.3448275862068966 0.8648648648648649 0.5161290322580645 0.7647058823529411 0.3333333333333333 
# lakeside
0.38095238095238093 0.38095238095238093 0.4444444444444444 0.4444444444444444 0.38095238095238093 0.35294117647058826 0.3333333333333333 0.19047619047619047 0.36363636363636365 0.375 0.4444444444444444 0.32 0.42105263157894735 0.25 0.47058823529411764 0.5 0.32 1.0 0.4444444444444444 0.47058823529411764 0.4444444444444444 0.3076923076923077 0.4 0.34782608695652173 0.7692307692307693 
# mushroom
0.4 0.4 0.45454545454545453 0.45454545454545453 0.56 0.2857142857142857 0.5 0.16 0.5384615384615384 0.3 0.6363636363636364 0.4827586206896552 0.43478260869565216 0.25 0.47619047619047616 0.5 0.4827586206896552 0.4444444444444444 1.0 0.47619047619047616 0.45454545454545453 0.4666666666666667 0.5833333333333334 0.5185185185185185 0.47058823529411764 
# measuring_cup
0.5833333333333334 0.5833333333333334 0.6666666666666666 0.6666666666666666 0.4166666666666667 0.3 0.37037037037037035 0.16666666666666666 0.4 0.3157894736842105 0.47619047619047616 0.35714285714285715 0.6363636363636364 0.21052631578947367 0.6 0.631578947368421 0.35714285714285715 0.47058823529411764 0.47619047619047616 1.0 0.6666666666666666 0.3448275862068966 0.43478260869565216 0.38461538461538464 0.5 
# projectile
0.64 0.56 0.7272727272727273 0.6363636363636364 0.4 0.2857142857142857 0.35714285714285715 0.16 0.38461538461538464 0.3 0.45454545454545453 0.3448275862068966 0.6086956521739131 0.2 0.5714285714285714 0.6 0.3448275862068966 0.4444444444444444 0.45454545454545453 0.6666666666666666 1.0 0.3333333333333333 0.4166666666666667 0.37037037037037035 0.47058823529411764 
# Brittany_spaniel
0.30303030303030304 0.30303030303030304 0.3333333333333333 0.3333333333333333 0.48484848484848486 0.20689655172413793 0.6666666666666666 0.12121212121212122 0.7647058823529411 0.21428571428571427 0.4666666666666667 0.8648648648648649 0.3225806451612903 0.14285714285714285 0.3448275862068966 0.35714285714285715 0.8648648648648649 0.3076923076923077 0.4666666666666667 0.3448275862068966 0.3333333333333333 1.0 0.5 0.7428571428571429 0.32 
# ant
0.37037037037037035 0.37037037037037035 0.4166666666666667 0.4166666666666667 0.7407407407407407 0.2608695652173913 0.5333333333333333 0.14814814814814814 0.5714285714285714 0.2727272727272727 0.5833333333333334 0.5161290322580645 0.4 0.18181818181818182 0.43478260869565216 0.45454545454545453 0.5161290322580645 0.4 0.5833333333333334 0.43478260869565216 0.4166666666666667 0.5 1.0 0.5517241379310345 0.42105263157894735 
# snow_leopard
0.3333333333333333 0.3333333333333333 0.37037037037037035 0.37037037037037035 0.5333333333333333 0.23076923076923078 0.7272727272727273 0.13333333333333333 0.8387096774193549 0.24 0.5185185185185185 0.7647058823529411 0.35714285714285715 0.16 0.38461538461538464 0.4 0.7647058823529411 0.34782608695652173 0.5185185185185185 0.38461538461538464 0.37037037037037035 0.7428571428571429 0.5517241379310345 1.0 0.36363636363636365 
# sandbar
0.4 0.4 0.47058823529411764 0.47058823529411764 0.4 0.375 0.34782608695652173 0.1 0.38095238095238093 0.4 0.47058823529411764 0.3333333333333333 0.4444444444444444 0.13333333333333333 0.5 0.5333333333333333 0.3333333333333333 0.7692307692307693 0.47058823529411764 0.5 0.47058823529411764 0.32 0.42105263157894735 0.36363636363636365 1.0 
