# saxophone
1.0 0.06666666666666667 0.125 0.08333333333333333 0.05263157894736842 0.05 0.045454545454545456 0.04 0.05 0.05555555555555555 0.0625 0.043478260869565216 0.07692307692307693 0.05 0.07692307692307693 0.08333333333333333 0.043478260869565216 0.07142857142857142 0.0625 0.09090909090909091 0.1 0.041666666666666664 0.05555555555555555 0.047619047619047616 0.0625 
# limousine
0.06666666666666667 1.0 0.08333333333333333 0.08333333333333333 0.05263157894736842 0.05 0.045454545454545456 0.04 0.05 0.05555555555555555 0.0625 0.043478260869565216 0.07692307692307693 0.05 0.07692307692307693 0.08333333333333333 0.043478260869565216 0.07142857142857142 0.0625 0.09090909090909091 0.08333333333333333 0.041666666666666664 0.05555555555555555 0.047619047619047616 0.0625 
# gong
0.125 0.08333333333333333 1.0 0.16666666666666666 0.0625 0.058823529411764705 0.05263157894736842 0.045454545454545456 0.058823529411764705 0.06666666666666667 0.07692307692307693 0.05 0.1 0.16666666666666666 0.1 0.1111111111111111 0.05 0.09090909090909091 0.16666666666666666 0.125 0.14285714285714285 0.047619047619047616 0.06666666666666667 0.05555555555555555 0.07692307692307693 
# shovel
0.08333333333333333 0.08333333333333333 0.16666666666666666 1.0 0.0625 0.058823529411764705 0.05263157894736842 0.045454545454545456 0.058823529411764705 0.06666666666666667 0.07692307692307693 0.05 0.1 0.14285714285714285 0.1 0.1111111111111111 0.05 0.09090909090909091 0.14285714285714285 0.125 0.1111111111111111 0.047619047619047616 0.06666666666666667 0.05555555555555555 0.07692307692307693 
# fiddler_crab
0.05263157894736842 0.05263157894736842 0.0625 0.0625 1.0 0.05 0.0625 0.04 0.07142857142857142 0.05555555555555555 0.08333333333333333 0.058823529411764705 0.058823529411764705 0.05 0.06666666666666667 0.07142857142857142 0.058823529411764705 0.07142857142857142 0.08333333333333333 0.06666666666666667 0.0625 0.05555555555555555 0.125 0.06666666666666667 0.0625 
# bearskin
0.05 0.05 0.058823529411764705 0.058823529411764705 0.05 1.0 0.043478260869565216 0.045454545454545456 0.047619047619047616 0.07692307692307693 0.058823529411764705 0.041666666666666664 0.05555555555555555 0.058823529411764705 0.0625 0.06666666666666667 0.041666666666666664 0.07692307692307693 0.058823529411764705 0.0625 0.058823529411764705 0.04 0.05263157894736842 0.045454545454545456 0.06666666666666667 
# sea_lion
0.045454545454545456 0.045454545454545456 0.05263157894736842 0.05263157894736842 0.0625 0.043478260869565216 1.0 0.03571428571428571 0.1111111111111111 0.047619047619047616 0.06666666666666667 0.08333333333333333 0.05 0.043478260869565216 0.05555555555555555 0.058823529411764705 0.08333333333333333 0.058823529411764705 0.06666666666666667 0.05555555555555555 0.05263157894736842 0.07692307692307693 0.06666666666666667 0.1 0.05263157894736842 
# baseball
0.04 0.04 0.045454545454545456 0.045454545454545456 0.04 0.045454545454545456 0.03571428571428571 1.0 0.038461538461538464 0.05 0.045454545454545456 0.034482758620689655 0.043478260869565216 0.05555555555555555 0.047619047619047616 0.05 0.034482758620689655 0.05555555555555555 0.045454545454545456 0.047619047619047616 0.045454545454545456 0.03333333333333333 0.041666666666666664 0.037037037037037035 0.05263157894736842 
# meerkat
0.05 0.05 0.058823529411764705 0.058823529411764705 0.07142857142857142 0.047619047619047616 0.1111111111111111 0.038461538461538464 1.0 0.05263157894736842 0.07692307692307693 0.125 0.05555555555555555 0.047619047619047616 0.0625 0.06666666666666667 0.125 0.06666666666666667 0.07692307692307693 0.0625 0.058823529411764705 0.1111111111111111 0.07692307692307693 0.16666666666666666 0.058823529411764705 
# pufferfish
0.05555555555555555 0.05555555555555555 0.06666666666666667 0.06666666666666667 0.05555555555555555 0.07692307692307693 0.047619047619047616 0.05 0.05263157894736842 1.0 0.06666666666666667 0.045454545454545456 0.0625 0.06666666666666667 0.07142857142857142 0.07692307692307693 0.045454545454545456 0.09090909090909091 0.06666666666666667 0.07142857142857142 0.06666666666666667 0.043478260869565216 0.058823529411764705 0.05 0.07692307692307693 
# dalmatian
0.0625 0.0625 0.07692307692307693 0.07692307692307693 0.08333333333333333 0.058823529411764705 0.06666666666666667 0.045454545454545456 0.07692307692307693 0.06666666666666667 1.0 0.0625 0.07142857142857142 0.058823529411764705 0.08333333333333333 0.09090909090909091 0.0625 0.09090909090909091 0.1111111111111111 0.08333333333333333 0.07692307692307693 0.058823529411764705 0.09090909090909091 0.07142857142857142 0.07692307692307693 
# Saluki
0.043478260869565216 0.043478260869565216 0.05 0.05 0.058823529411764705 0.041666666666666664 0.08333333333333333 0.034482758620689655 0.125 0.045454545454545456 0.0625 1.0 0.047619047619047616 0.041666666666666664 0.05263157894736842 0.05555555555555555 0.3333333333333333 0.05555555555555555 0.0625 0.05263157894736842 0.05 0.16666666666666666 0.0625 0.1111111111111111 0.05 
# barber_chair
0.07692307692307693 0.07692307692307693 0.1 0.1 0.058823529411764705 0.05555555555555555 0.05 0.043478260869565216 0.05555555555555555 0.0625 0.07142857142857142 0.047619047619047616 1.0 0.05555555555555555 0.09090909090909091 0.1 0.047619047619047616 0.08333333333333333 0.07142857142857142 0.1111111111111111 0.1 0.045454545454545456 0.0625 0.05263157894736842 0.07142857142857142 
# church
0.05 0.05 0.16666666666666666 0.14285714285714285 0.05 0.058823529411764705 0.043478260869565216 0.05555555555555555 0.047619047619047616 0.06666666666666667 0.058823529411764705 0.041666666666666664 0.05555555555555555 1.0 0.0625 0.06666666666666667 0.041666666666666664 0.07692307692307693 0.14285714285714285 0.0625 0.058823529411764705 0.04 0.05263157894736842 0.045454545454545456 0.07142857142857142 
# yurt
0.07692307692307693 0.07692307692307693 0.1 0.1 0.06666666666666667 0.0625 0.05555555555555555 0.047619047619047616 0.0625 0.07142857142857142 0.08333333333333333 0.05263157894736842 0.09090909090909091 0.0625 1.0 0.16666666666666666 0.05263157894736842 0.1 0.08333333333333333 0.1111111111111111 0.1 0.05 0.07142857142857142 0.058823529411764705 0.08333333333333333 
# obelisk
0.08333333333333333 0.08333333333333333 0.1111111111111111 0.1111111111111111 0.07142857142857142 0.06666666666666667 0.058823529411764705 0.05 0.06666666666666667 0.07692307692307693 0.09090909090909091 0.05555555555555555 0.1 0.06666666666666667 0.16666666666666666 1.0 0.05555555555555555 0.1111111111111111 0.09090909090909091 0.125 0.1111111111111111 0.05263157894736842 0.07692307692307693 0.0625 0.09090909090909091 
# bluetick
0.043478260869565216 0.043478260869565216 0.05 0.05 0.058823529411764705 0.041666666666666664 0.08333333333333333 0.034482758620689655 0.125 0.045454545454545456 0.0625 0.3333333333333333 0.047619047619047616 0.041666666666666664 0.05263157894736842 0.05555555555555555 1.0 0.05555555555555555 0.0625 0.05263157894736842 0.05 0.16666666666666666 0.0625 0.1111111111111111 0.05 
# lakeside
0.07142857142857142 0.07142857142857142 0.09090909090909091 0.09090909090909091 0.07142857142857142 0.07692307692307693 0.058823529411764705 0.05555555555555555 0.06666666666666667 0.09090909090909091 0.09090909090909091 0.05555555555555555 0.08333333333333333 0.07692307692307693 0.1 0.1111111111111111 0.05555555555555555 1.0 0.09090909090909091 0.1 0.09090909090909091 0.05263157894736842 0.07692307692307693 0.0625 0.14285714285714285 
# mushroom
0.0625 0.0625 0.16666666666666666 0.14285714285714285 0.08333333333333333 0.058823529411764705 0.06666666666666667 0.045454545454545456 0.07692307692307693 0.06666666666666667 0.1111111111111111 0.0625 0.07142857142857142 0.14285714285714285 0.08333333333333333 0.09090909090909091 0.0625 0.09090909090909091 1.0 0.08333333333333333 0.07692307692307693 0.058823529411764705 0.09090909090909091 0.07142857142857142 0.07692307692307693 
# measuring_cup
0.09090909090909091 0.09090909090909091 0.125 0.125 0.06666666666666667 0.0625 0.05555555555555555 0.047619047619047616 0.0625 0.07142857142857142 0.08333333333333333 0.05263157894736842 0.1111111111111111 0.0625 0.1111111111111111 0.125 0.05263157894736842 0.1 0.08333333333333333 1.0 0.125 0.05 0.07142857142857142 0.058823529411764705 0.08333333333333333 
# projectile
0.1 0.08333333333333333 0.14285714285714285 0.1111111111111111 0.0625 0.058823529411764705 0.05263157894736842 0.045454545454545456 0.058823529411764705 0.06666666666666667 0.07692307692307693 0.05 0.1 0.058823529411764705 0.1 0.1111111111111111 0.05 0.09090909090909091 0.07692307692307693 0.125 1.0 0.047619047619047616 0.06666666666666667 0.05555555555555555 0.07692307692307693 
# Brittany_spaniel
0.041666666666666664 0.041666666666666664 0.047619047619047616 0.047619047619047616 0.05555555555555555 0.04 0.07692307692307693 0.03333333333333333 0.1111111111111111 0.043478260869565216 0.058823529411764705 0.16666666666666666 0.045454545454545456 0.04 0.05 0.05263157894736842 0.16666666666666666 0.05263157894736842 0.058823529411764705 0.05 0.047619047619047616 1.0 0.058823529411764705 0.1 0.047619047619047616 
# ant
0.05555555555555555 0.05555555555555555 0.06666666666666667 0.06666666666666667 0.125 0.05263157894736842 0.06666666666666667 0.041666666666666664 0.07692307692307693 0.058823529411764705 0.09090909090909091 0.0625 0.0625 0.05263157894736842 0.07142857142857142 0.07692307692307693 0.0625 0.07692307692307693 0.09090909090909091 0.07142857142857142 0.06666666666666667 0.058823529411764705 1.0 0.07142857142857142 0.06666666666666667 
# snow_leopard
0.047619047619047616 0.047619047619047616 0.05555555555555555 0.05555555555555555 0.06666666666666667 0.045454545454545456 0.1 0.037037037037037035 0.16666666666666666 0.05 0.07142857142857142 0.1111111111111111 0.05263157894736842 0.045454545454545456 0.058823529411764705 0.0625 0.1111111111111111 0.0625 0.07142857142857142 0.058823529411764705 0.05555555555555555 0.1 0.07142857142857142 1.0 0.05555555555555555 
# sandbar
0.0625 0.0625 0.07692307692307693 0.07692307692307693 0.0625 0.06666666666666667 0.05263157894736842 0.05263157894736842 0.058823529411764705 0.07692307692307693 0.07692307692307693 0.05 0.07142857142857142 0.07142857142857142 0.08333333333333333 0.09090909090909091 0.05 0.14285714285714285 0.07692307692307693 0.08333333333333333 0.07692307692307693 0.047619047619047616 0.06666666666666667 0.05555555555555555 1.0 
